36
cgigGFP    0.0000000 0.2136516 0.2797722 1.1066400 1.2145033 0.9655907 0.9957671 0.8879309 1.1340086 0.8929225 0.8641265 1.0793277 1.1837535 1.1569667 1.2028042 1.2143632 1.4715892 1.3914841 1.5909972 2.6835627 2.7956127 2.7336738 3.1476749 2.5244418 2.6860041 2.6365069 2.7484795 2.9793037 2.6643496 3.0020295 2.7699577 2.7699577 1.1544184 1.2844804 0.9664990 2.5347968 
asulGFP    0.2136516 0.0000000 0.2840724 0.9528996 1.0699577 0.9123319 0.9313459 0.8229951 0.9174547 0.8402551 0.8181588 0.8824227 0.9350103 0.9701797 0.9188436 0.9387949 1.3514087 1.2799120 1.3279394 2.9004504 3.0063260 2.9312163 3.1089097 2.8218628 2.7140146 2.8091986 3.1475111 3.1668321 3.1475111 3.1858494 3.1858494 3.1858494 0.9718233 1.1289547 0.9589570 2.3039304 
hcriGFP    0.2797722 0.2840724 0.0000000 1.1488371 1.2446355 0.9538815 1.0295628 0.9104335 1.1527982 0.8813222 0.8872539 1.0155615 1.1783000 1.2226937 1.1918417 1.1965439 1.5490894 1.3168001 1.4542639 2.8361257 2.7470139 2.6859489 2.8970684 2.6495991 2.9367360 2.8430488 3.1759946 3.4399756 3.2191852 3.4212423 3.2316127 3.2316127 1.1832835 1.2669964 1.0112830 2.3449886 
discGFP    1.1066400 0.9528996 1.1488371 0.0000000 0.9610353 0.1576627 0.1590121 0.5418330 0.5129180 0.4431861 0.5239455 0.4942925 0.5997657 0.7191640 0.7905560 0.7740386 1.1865267 1.1125877 1.2242107 2.3470650 2.3779605 2.3197536 2.3147527 2.5472443 2.5036270 2.4439986 2.3933520 2.5278191 2.4131093 2.5114458 2.4881188 2.4881188 0.6934358 0.6275009 0.5628063 2.3381708 
discRFP    1.2145033 1.0699577 1.2446355 0.9610353 0.0000000 0.8450357 0.9622377 0.7633467 0.8055563 0.6768445 0.6732826 0.8104290 0.9075322 1.0159860 0.7386803 0.7357136 1.1724093 1.0520616 1.1716891 3.2484840 3.4845826 3.5525485 3.0001514 2.9655316 2.9704345 3.0048660 2.1993024 2.6090822 2.3124005 2.3450237 2.3201624 2.2566042 0.9680000 0.9234332 0.7800202 2.0149437 
rfloGFP    0.9655907 0.9123319 0.9538815 0.1576627 0.8450357 0.0000000 0.1373767 0.4802359 0.4447771 0.4465852 0.4904299 0.4906263 0.4669319 0.6519895 0.6980000 0.6755728 1.1219770 1.0399540 1.0365187 2.5666505 2.5449637 2.4497605 2.9013603 2.6126544 2.7750953 2.7309468 2.6073531 2.6363004 2.6564086 2.6036821 2.6036821 2.6036821 0.6117738 0.5784596 0.5171489 2.3085550 
rfloRFP    0.9957671 0.9313459 1.0295628 0.1590121 0.9622377 0.1373767 0.0000000 0.5530810 0.4811551 0.4434545 0.4932983 0.4602565 0.5421199 0.6458562 0.7968185 0.7748718 1.1340140 1.1809139 1.1857358 2.5049592 2.4451828 2.3619309 2.4453463 2.5956603 2.5443922 2.4618173 2.5599368 2.4960191 2.5599368 2.5990707 2.5990707 2.5990707 0.6011548 0.5898025 0.5032305 2.7095839 
dendGFP    0.8879309 0.8229951 0.9104335 0.5418330 0.7633467 0.4802359 0.5530810 0.0000000 0.3087920 0.2556873 0.3128679 0.3211649 0.3467683 0.5964277 0.6016681 0.6100414 1.0040959 0.8898013 0.9343531 2.2124617 2.2887448 2.1724442 2.7246879 2.2183541 2.2747942 2.2214595 2.5616181 2.6366053 2.6065306 2.6002481 2.6002481 2.6002481 0.5427895 0.4751770 0.3599611 2.4385518 
mcavGFP    1.1340086 0.9174547 1.1527982 0.5129180 0.8055563 0.4447771 0.4811551 0.3087920 0.0000000 0.1359233 0.2093160 0.1379147 0.3394700 0.3956320 0.6792581 0.6751550 1.0721549 0.9757975 1.0524313 2.1028355 2.1693823 2.1166561 2.3866886 2.1996755 2.2117305 2.1433947 1.9518956 1.9988869 2.0803099 2.0178709 2.0835120 1.9976410 0.3224656 0.2856443 0.2463344 2.2313528 
mcavGFP2   0.8929225 0.8402551 0.8813222 0.4431861 0.6768445 0.4465852 0.4434545 0.2556873 0.1359233 0.0000000 0.1692968 0.1780567 0.1875544 0.3891709 0.5773714 0.5767119 1.0507220 0.9210594 0.9361349 2.0757726 2.0799858 2.0449793 2.4181200 2.2393785 2.0867068 2.0407062 2.2704735 2.3111193 2.3091142 2.3111193 2.3111193 2.3111193 0.3370974 0.3083469 0.2780043 2.3853867 
mcavCFP    0.8641265 0.8181588 0.8872539 0.5239455 0.6732826 0.4904299 0.4932983 0.3128679 0.2093160 0.1692968 0.0000000 0.2223655 0.2597053 0.4843471 0.6550197 0.6479001 1.0394511 0.9822638 0.9920613 2.1889334 2.1935071 2.1385235 2.5576582 2.3025231 2.1192450 2.0872521 2.5885201 2.6399817 2.6373190 2.6399817 2.6399817 2.6399817 0.3903934 0.2897639 0.3018633 2.5752863 
mcavRFP    1.0793277 0.8824227 1.0155615 0.4942925 0.8104290 0.4906263 0.4602565 0.3211649 0.1379147 0.1780567 0.2223655 0.0000000 0.2575614 0.4175192 0.6657358 0.6616436 1.2380246 1.1264055 1.1552213 2.1327875 2.1115232 2.0766015 2.2272808 2.3824855 2.1538851 2.1252427 2.1007958 2.1496017 2.1302844 2.1479915 2.1179372 2.1179372 0.3390381 0.3476352 0.2229171 2.5878277 
fancGFP    1.1837535 0.9350103 1.1783000 0.5997657 0.9075322 0.4669319 0.5421199 0.3467683 0.3394700 0.1875544 0.2597053 0.2575614 0.0000000 0.5718379 0.6533726 0.6431303 1.1888511 1.1661212 1.2083060 2.1863252 2.3606094 2.3203165 2.4917309 2.3762088 2.3813074 2.3254226 2.4715706 2.3223793 2.5996173 2.4123200 2.5289980 2.5059217 0.5063386 0.4833075 0.3279337 2.2248932 
scubGFP    1.1569667 0.9701797 1.2226937 0.7191640 1.0159860 0.6519895 0.6458562 0.5964277 0.3956320 0.3891709 0.4843471 0.4175192 0.5718379 0.0000000 0.8631046 0.8619849 1.3636118 1.2703327 1.3283269 2.4695275 2.4542622 2.3875105 2.4810392 2.5724230 2.5815072 2.5699206 2.1866144 2.4329049 2.4084635 2.3491755 2.2219087 2.2219087 0.3135987 0.5400267 0.4985573 2.2987347 
dlinGFP    1.2028042 0.9188436 1.1918417 0.7905560 0.7386803 0.6980000 0.7968185 0.6016681 0.6792581 0.5773714 0.6550197 0.6657358 0.6533726 0.8631046 0.0000000 0.0150100 1.1567238 1.0702830 1.0768325 2.7736801 2.7514546 2.6739743 2.6690884 2.3378896 2.7165567 2.6442675 2.5635548 2.6201618 2.6549647 2.6998180 2.6020631 2.6020631 0.8170911 0.7684539 0.6223039 2.1011325 
dlinGFP2   1.2143632 0.9387949 1.1965439 0.7740386 0.7357136 0.6755728 0.7748718 0.6100414 0.6751550 0.5767119 0.6479001 0.6616436 0.6431303 0.8619849 0.0150100 0.0000000 1.1306574 1.0486151 1.0439417 2.5805000 2.5696623 2.5011050 2.4963266 2.2524316 2.6107934 2.5435504 2.5211813 2.5703260 2.6532578 2.6518271 2.5581929 2.5581929 0.8260658 0.7790134 0.6219860 2.0391273 
zoanGFP    1.4715892 1.3514087 1.5490894 1.1865267 1.1724093 1.1219770 1.1340140 1.0040959 1.0721549 1.0507220 1.0394511 1.2380246 1.1888511 1.3636118 1.1567238 1.1306574 0.0000000 0.2075772 0.1859277 2.9887976 3.0497839 2.9173200 3.2042979 2.7977128 2.5701670 2.5314167 2.8131890 2.7878046 2.8370991 2.8060477 2.7878046 2.7596139 1.2775977 1.1413023 1.0399746 3.4143599 
zoanYFP    1.3914841 1.2799120 1.3168001 1.1125877 1.0520616 1.0399540 1.1809139 0.8898013 0.9757975 0.9210594 0.9822638 1.1264055 1.1661212 1.2703327 1.0702830 1.0486151 0.2075772 0.0000000 0.2190732 2.7835055 2.6485796 2.5491798 2.8281080 2.8820312 2.9560293 2.8429004 2.2369886 2.4076436 2.3096133 2.2925834 2.3168527 2.3013556 1.1887148 1.0649117 0.9415415 2.9850261 
zoanRFP    1.5909972 1.3279394 1.4542639 1.2242107 1.1716891 1.0365187 1.1857358 0.9343531 1.0524313 0.9361349 0.9920613 1.1552213 1.2083060 1.3283269 1.0768325 1.0439417 0.1859277 0.2190732 0.0000000 2.6528452 2.5779757 2.4832138 3.1187143 2.6876851 2.5404886 2.3851949 3.2558439 3.2327464 3.3799283 3.3146851 3.1532033 3.2392756 1.2717739 1.1093251 1.0023261 2.5448543 
avicGFP    2.6835627 2.9004504 2.8361257 2.3470650 3.2484840 2.5666505 2.5049592 2.2124617 2.1028355 2.0757726 2.1889334 2.1327875 2.1863252 2.4695275 2.7736801 2.5805000 2.9887976 2.7835055 2.6528452 0.0000000 0.0262377 0.0294733 0.0688826 0.2336784 0.2498750 0.2437781 1.0464896 1.0426912 1.0521795 1.0426912 1.0426912 1.0426912 2.3434654 2.2237293 2.2697211 4.0604898 
avicCFP    2.7956127 3.0063260 2.7470139 2.3779605 3.4845826 2.5449637 2.4451828 2.2887448 2.1693823 2.0799858 2.1935071 2.1115232 2.3606094 2.4542622 2.7514546 2.5696623 3.0497839 2.6485796 2.5779757 0.0262377 0.0000000 0.0086284 0.1264016 0.2583980 0.2771098 0.2679019 1.1168157 1.0766205 1.1225993 1.1128124 1.1128124 1.1128124 2.3212081 2.2336646 2.3140327 4.2084654 
avicYFP    2.7336738 2.9312163 2.6859489 2.3197536 3.5525485 2.4497605 2.3619309 2.1724442 2.1166561 2.0449793 2.1385235 2.0766015 2.3203165 2.3875105 2.6739743 2.5011050 2.9173200 2.5491798 2.4832138 0.0294733 0.0086284 0.0000000 0.1302996 0.2616381 0.2644024 0.2532236 1.1078830 1.0676068 1.1136262 1.1039249 1.1039249 1.1039249 2.2613946 2.1784948 2.2507146 3.9969035 
acoerGFP   3.1476749 3.1089097 2.8970684 2.3147527 3.0001514 2.9013603 2.4453463 2.7246879 2.3866886 2.4181200 2.5576582 2.2272808 2.4917309 2.4810392 2.6690884 2.4963266 3.2042979 2.8281080 3.1187143 0.0688826 0.1264016 0.1302996 0.0000000 0.2514092 0.2798056 0.2804571 1.2102099 1.1573270 1.1687016 1.1732956 1.1777984 1.1719850 2.3771302 2.4295226 2.5491337 3.4177366 
amagGFP    2.5244418 2.8218628 2.6495991 2.5472443 2.9655316 2.6126544 2.5956603 2.2183541 2.1996755 2.2393785 2.3025231 2.3824855 2.3762088 2.5724230 2.3378896 2.2524316 2.7977128 2.8820312 2.6876851 0.2336784 0.2583980 0.2616381 0.2514092 0.0000000 0.1560224 0.1680318 1.0346170 1.0308691 1.0402678 1.0308691 1.0308691 1.0308691 2.4891490 2.3455967 2.2241212 4.1881205 
amacGFP    2.6860041 2.7140146 2.9367360 2.5036270 2.9704345 2.7750953 2.5443922 2.2747942 2.2117305 2.0867068 2.1192450 2.1538851 2.3813074 2.5815072 2.7165567 2.6107934 2.5701670 2.9560293 2.5404886 0.2498750 0.2771098 0.2644024 0.2798056 0.1560224 0.0000000 0.0198886 1.0387842 1.0470653 1.0445025 1.0470653 1.0470653 1.0470653 2.4182023 2.1897966 2.3370139 4.7960987 
amacOFP    2.6365069 2.8091986 2.8430488 2.4439986 3.0048660 2.7309468 2.4618173 2.2214595 2.1433947 2.0407062 2.0872521 2.1252427 2.3254226 2.5699206 2.6442675 2.5435504 2.5314167 2.8429004 2.3851949 0.2437781 0.2679019 0.2532236 0.2804571 0.1680318 0.0198886 0.0000000 1.0554953 1.0639021 1.0613173 1.0639021 1.0639021 1.0639021 2.3799552 2.1048560 2.3037026 4.2635609 
cgregGFP1  2.7484795 3.1475111 3.1759946 2.3933520 2.1993024 2.6073531 2.5599368 2.5616181 1.9518956 2.2704735 2.5885201 2.1007958 2.4715706 2.1866144 2.5635548 2.5211813 2.8131890 2.2369886 3.2558439 1.0464896 1.1168157 1.1078830 1.2102099 1.0346170 1.0387842 1.0554953 0.0000000 0.0065241 0.0074944 0.0061213 0.0109767 0.0118666 2.1033951 2.1361709 2.2048560 2.8665521 
cgregGFP2  2.9793037 3.1668321 3.4399756 2.5278191 2.6090822 2.6363004 2.4960191 2.6366053 1.9988869 2.3111193 2.6399817 2.1496017 2.3223793 2.4329049 2.6201618 2.5703260 2.7878046 2.4076436 3.2327464 1.0426912 1.0766205 1.0676068 1.1573270 1.0308691 1.0470653 1.0639021 0.0065241 0.0000000 0.0104851 0.0013393 0.0013018 0.0025993 2.5527558 2.1709121 2.2432352 3.5959347 
cgregGFP3  2.6643496 3.1475111 3.2191852 2.4131093 2.3124005 2.6564086 2.5599368 2.6065306 2.0803099 2.3091142 2.6373190 2.1302844 2.5996173 2.4084635 2.6549647 2.6532578 2.8370991 2.3096133 3.3799283 1.0521795 1.1225993 1.1136262 1.1687016 1.0402678 1.0445025 1.0613173 0.0074944 0.0104851 0.0000000 0.0110713 0.0099048 0.0108960 2.4346687 2.2658940 2.2197781 3.2883066 
cgregGFP4  3.0020295 3.1858494 3.4212423 2.5114458 2.3450237 2.6036821 2.5990707 2.6002481 2.0178709 2.3111193 2.6399817 2.1479915 2.4123200 2.3491755 2.6998180 2.6518271 2.8060477 2.2925834 3.3146851 1.0426912 1.1128124 1.1039249 1.1732956 1.0308691 1.0470653 1.0639021 0.0061213 0.0013393 0.0110713 0.0000000 0.0012291 0.0012186 2.4881957 2.2144252 2.2432352 3.3595798 
cgregGFP10 2.7699577 3.1858494 3.2316127 2.4881188 2.3201624 2.6036821 2.5990707 2.6002481 2.0835120 2.3111193 2.6399817 2.1179372 2.5289980 2.2219087 2.6020631 2.5581929 2.7878046 2.3168527 3.1532033 1.0426912 1.1128124 1.1039249 1.1777984 1.0308691 1.0470653 1.0639021 0.0109767 0.0013018 0.0099048 0.0012291 0.0000000 0.0009883 2.1502544 2.1789458 2.2432352 2.9225773 
cgregGFP45 2.7699577 3.1858494 3.2316127 2.4881188 2.2566042 2.6036821 2.5990707 2.6002481 1.9976410 2.3111193 2.6399817 2.1179372 2.5059217 2.2219087 2.6020631 2.5581929 2.7596139 2.3013556 3.2392756 1.0426912 1.1128124 1.1039249 1.1719850 1.0308691 1.0470653 1.0639021 0.0118666 0.0025993 0.0108960 0.0012186 0.0009883 0.0000000 2.1502544 2.1789458 2.2432352 2.8941334 
alorGFP    1.1544184 0.9718233 1.1832835 0.6934358 0.9680000 0.6117738 0.6011548 0.5427895 0.3224656 0.3370974 0.3903934 0.3390381 0.5063386 0.3135987 0.8170911 0.8260658 1.2775977 1.1887148 1.2717739 2.3434654 2.3212081 2.2613946 2.3771302 2.4891490 2.4182023 2.3799552 2.1033951 2.5527558 2.4346687 2.4881957 2.1502544 2.1502544 0.0000000 0.4733758 0.4085821 2.2698894 
alorCFP    1.2844804 1.1289547 1.2669964 0.6275009 0.9234332 0.5784596 0.5898025 0.4751770 0.2856443 0.3083469 0.2897639 0.3476352 0.4833075 0.5400267 0.7684539 0.7790134 1.1413023 1.0649117 1.1093251 2.2237293 2.2336646 2.1784948 2.4295226 2.3455967 2.1897966 2.1048560 2.1361709 2.1709121 2.2658940 2.2144252 2.1789458 2.1789458 0.4733758 0.0000000 0.4002196 2.5766609 
tgeoRFP    0.9664990 0.9589570 1.0112830 0.5628063 0.7800202 0.5171489 0.5032305 0.3599611 0.2463344 0.2780043 0.3018633 0.2229171 0.3279337 0.4985573 0.6223039 0.6219860 1.0399746 0.9415415 1.0023261 2.2697211 2.3140327 2.2507146 2.5491337 2.2241212 2.3370139 2.3037026 2.2048560 2.2432352 2.2197781 2.2432352 2.2432352 2.2432352 0.4085821 0.4002196 0.0000000 2.7413517 
ppluGFP    2.5347968 2.3039304 2.3449886 2.3381708 2.0149437 2.3085550 2.7095839 2.4385518 2.2313528 2.3853867 2.5752863 2.5878277 2.2248932 2.2987347 2.1011325 2.0391273 3.4143599 2.9850261 2.5448543 4.0604898 4.2084654 3.9969035 3.4177366 4.1881205 4.7960987 4.2635609 2.8665521 3.5959347 3.2883066 3.3595798 2.9225773 2.8941334 2.2698894 2.5766609 2.7413517 0.0000000 
